100,4,6,10,20
758.0,100.0:759,89 762,90 766,92 752,117 751,106 
168.0,33.0:152,22 181,35 181,43 158,31 
575.0,430.0:572,421 584,424 584,427 575,449 566,431 568,424 
377.0,143.0:391,134 393,154 363,145 360,139 
698.0,386.0:695,371 700,374 712,399 685,400 
710.0,115.0:704,106 717,110 716,133 702,109 
27.0,299.0:38,284 39,311 37,313 16,307 8,294 24,284 
188.0,139.0:177,124 194,133 199,138 201,145 188,149 172,147 
151.0,73.0:141,57 155,65 163,78 150,91 
383.0,144.0:379,132 390,136 397,143 387,153 371,159 374,141 
228.0,39.0:229,24 242,52 223,47 217,33 
373.0,716.0:362,701 374,706 385,720 379,723 373,725 366,724 
455.0,223.0:442,210 464,219 473,231 460,238 437,217 
105.0,355.0:116,339 100,369 97,366 105,346 
447.0,490.0:447,479 455,481 454,499 431,501 
635.0,146.0:625,131 647,133 644,159 624,162 
152.0,259.0:143,247 170,261 167,263 157,267 138,267 137,247 
468.0,270.0:472,252 474,260 475,275 465,281 457,285 
555.0,112.0:543,102 564,113 572,120 562,120 538,105 
277.0,472.0:271,454 288,467 290,484 277,487 270,480 267,461 
470.0,742.0:481,727 486,751 461,755 454,753 461,738 475,728 
346.0,301.0:335,289 339,289 349,293 359,306 360,310 335,317 
783.0,549.0:790,539 801,556 774,556 767,554 783,540 
726.0,19.0:713,4 741,17 740,26 719,25 717,23 
153.0,440.0:164,424 162,430 151,452 149,454 147,447 145,433 
48.0,416.0:59,403 62,429 41,422 34,416 41,410 
216.0,583.0:211,574 214,574 231,584 232,594 202,595 207,576 
92.0,419.0:94,400 98,405 95,428 89,438 83,426 
434.0,105.0:432,91 442,94 445,100 441,111 430,117 419,116 
344.0,161.0:341,152 348,153 354,155 356,168 330,174 335,160 
458.0,784.0:454,774 477,788 462,792 449,789 448,776 
218.0,200.0:225,184 221,210 211,209 210,202 
775.0,527.0:785,516 794,525 768,538 762,538 767,517 
721.0,176.0:730,159 733,183 727,188 710,189 708,171 718,165 
322.0,40.0:311,26 331,39 334,47 333,51 324,50 308,32 
297.0,524.0:295,505 302,516 297,540 297,536 
164.0,637.0:175,621 181,643 157,643 156,642 152,636 
637.0,673.0:623,662 646,669 646,672 646,675 643,679 623,682 
724.0,244.0:728,225 734,239 722,262 716,262 720,233 
170.0,281.0:175,266 181,270 180,281 168,292 156,294 161,283 
453.0,723.0:456,711 461,726 462,739 436,715 
571.0,43.0:573,34 583,57 562,43 563,36 
466.0,197.0:456,193 472,191 479,195 478,197 450,205 
422.0,736.0:426,723 435,748 417,743 412,736 411,731 
274.0,613.0:263,598 283,611 281,620 271,625 
218.0,506.0:215,490 236,500 215,517 213,515 210,510 
63.0,768.0:59,756 65,759 80,775 75,783 49,773 50,759 
576.0,60.0:573,46 589,47 574,79 570,68 
587.0,184.0:597,176 597,198 570,192 577,179 594,176 
99.0,784.0:108,767 107,796 102,802 84,789 91,779 99,770 
339.0,7.0:324,-4 352,-2 357,14 341,20 330,10 327,5 
488.0,196.0:487,185 503,205 480,198 478,193 
574.0,584.0:568,572 575,573 587,582 587,598 563,598 564,580 
719.0,479.0:709,463 720,467 729,488 724,493 718,489 710,480 
160.0,129.0:159,111 170,137 168,141 160,138 145,124 
577.0,734.0:571,723 577,724 591,747 569,742 
116.0,553.0:106,544 125,551 130,565 104,548 
173.0,402.0:186,388 186,406 179,409 159,408 155,401 
242.0,555.0:238,540 246,546 254,562 251,564 229,569 233,549 
729.0,226.0:737,215 740,217 733,245 726,235 720,226 717,217 
293.0,746.0:281,743 312,744 302,747 277,750 
571.0,616.0:564,610 578,610 585,619 586,621 561,620 552,615 
783.0,636.0:779,627 783,627 794,629 796,649 772,649 773,629 
549.0,11.0:561,-2 558,28 550,21 540,8 536,1 
245.0,397.0:238,386 263,390 263,399 236,410 235,400 236,397 
256.0,667.0:250,652 266,655 267,671 256,678 241,679 
32.0,522.0:24,514 43,517 50,529 21,536 22,515 
312.0,8.0:317,0 325,5 321,17 304,17 294,3 
4.0,288.0:-12,279 18,287 13,293 0,296 
457.0,90.0:451,84 473,86 471,102 448,93 447,91 450,84 
336.0,372.0:328,359 345,373 349,386 321,370 
247.0,427.0:241,415 253,420 255,423 253,445 233,430 
212.0,270.0:200,255 226,267 222,276 219,277 205,276 199,271 
478.0,396.0:463,390 496,399 491,400 472,402 463,393 
204.0,304.0:191,290 220,309 209,318 196,299 
87.0,447.0:91,428 92,455 84,460 84,456 84,437 
694.0,215.0:689,196 695,206 697,232 694,226 
151.0,548.0:153,539 160,564 144,543 144,543 
203.0,691.0:197,673 216,703 212,701 187,687 
644.0,138.0:644,123 658,139 652,144 649,145 628,149 632,127 
276.0,194.0:267,185 287,188 288,193 284,208 272,204 258,187 
515.0,174.0:527,163 530,174 511,193 498,183 507,169 519,164 
71.0,598.0:75,580 81,592 78,604 72,610 68,607 52,597 
622.0,109.0:611,94 636,122 623,119 613,105 
749.0,685.0:749,666 757,670 755,693 754,697 744,697 735,686 
434.0,267.0:438,249 443,267 436,278 428,279 424,265 
533.0,458.0:544,442 536,467 527,475 525,449 
11.0,578.0:11,562 22,579 12,597 -2,573 
308.0,633.0:292,622 326,630 319,645 295,636 
83.0,475.0:69,465 91,472 92,476 86,484 84,483 
588.0,459.0:590,447 592,447 593,467 577,475 
564.0,243.0:558,228 578,244 579,256 565,256 555,244 550,230 
346.0,793.0:356,786 366,793 353,800 329,794 330,794 
628.0,625.0:614,616 632,617 638,620 640,640 632,637 613,620 
675.0,452.0:684,436 688,460 688,465 673,461 659,448 658,443 
452.0,648.0:466,635 469,652 448,663 438,651 438,648 452,639 
678.0,196.0:673,187 680,187 690,194 670,212 
749.0,21.0:752,5 766,12 753,30 743,38 731,21 
318.0,204.0:328,192 327,202 316,214 307,219 315,193 
167.0,460.0:184,452 167,470 154,464 160,454 
